0,15501,81,45,92
1,74201,14,20,141
2,47361,89,10,80
3,67713,30,34,142
4,65979,94,53,109
5,90493,22,100,187
6,60107,94,58,58
7,31354,40,81,102
8,64416,91,15,157
9,79331,64,79,186
10,72885,34,97,190
11,47590,71,53,199
12,71386,50,18,138
13,57514,22,40,105
14,84883,55,12,53
15,36507,96,84,138
16,44799,34,11,117
17,95636,23,83,83
18,44550,18,74,71
19,27876,87,17,96
20,36612,94,23,60
21,77342,96,91,73
22,43330,39,53,51
23,43899,56,28,72
24,85895,76,55,88
25,75148,22,79,132
26,78633,100,81,128
27,56215,61,37,137
28,82205,19,68,145
29,24820,20,53,113
30,79557,39,79,126
31,57852,47,71,198
32,59598,19,36,121
33,52425,39,86,131
34,20862,42,66,99
35,74195,51,84,55
36,95460,64,60,52
37,51012,82,97,97
38,83147,80,66,65
39,94556,69,90,121
40,29965,98,33,166
41,73857,68,27,163
42,10199,33,26,143
43,97317,65,73,83
44,28312,35,58,174
45,74476,13,56,163
46,81264,24,27,151
47,80131,52,30,154
48,65699,12,14,183
49,89267,55,87,127
50,92952,26,71,185
51,91174,22,81,63
52,59852,42,16,197
53,85069,55,12,171
54,71940,47,96,127
55,91123,100,17,104
56,61407,92,79,61
57,97943,34,37,163
58,62783,18,44,115
59,63172,62,13,93
60,30042,43,52,77
61,79702,70,77,154
62,78539,82,91,52
63,14084,43,69,175
64,38011,14,81,94
65,30134,43,51,157
66,96093,77,45,137
67,92582,14,27,79
68,46174,27,15,176
69,94735,80,72,150
70,94607,17,56,172
71,12117,70,61,58
72,72844,56,65,84
73,82133,61,79,147
74,77720,20,77,74
75,88901,61,22,133
76,30770,96,74,174
77,36620,48,69,74
78,52138,83,75,61
79,62467,65,91,56
80,45226,10,38,130
81,80791,74,92,190
82,91473,83,25,115
83,74326,75,52,174
84,45753,55,19,73
85,87565,47,32,79
86,85361,28,72,119
87,99204,78,97,181
88,36911,60,41,92
89,71727,16,55,136
90,27136,65,94,109
91,21637,88,84,174
92,94285,78,73,200
93,20598,88,18,115
94,18049,43,34,162
95,68385,72,84,135
96,38194,28,62,99
97,70378,58,70,51
98,58778,25,43,56
99,40604,74,20,170
