0,52525,52,52,88
1,69280,36,70,91
2,75795,30,72,70
3,47286,44,60,118
4,87610,96,46,173
5,85049,59,71,168
6,34364,63,85,199
7,60529,61,34,57
8,71892,16,60,90
9,70583,19,19,114
10,94837,83,55,104
11,59798,70,21,163
12,95591,91,74,87
13,13811,29,62,77
14,12343,31,27,173
15,22753,17,58,100
16,25866,33,99,180
17,18942,23,55,123
18,65948,49,44,91
19,27260,97,88,92
20,31408,33,85,60
21,51130,28,44,175
22,24723,87,52,105
23,48069,17,59,147
24,97746,45,64,71
25,29025,62,45,70
26,35477,16,45,174
27,78673,34,25,119
28,92236,37,15,104
29,64095,50,37,101
30,56749,37,28,94
31,41146,16,39,61
32,29832,39,35,82
33,89135,24,71,64
34,18249,46,87,199
35,83014,29,34,179
36,75429,87,40,124
37,66132,18,88,74
38,86058,36,91,67
39,17655,83,19,84
40,71127,37,87,186
41,75436,50,86,165
42,39967,43,34,196
43,85454,80,17,99
44,58009,62,43,88
45,41716,71,70,53
46,56850,21,18,193
47,25758,36,60,106
48,59472,28,52,76
49,73687,62,33,121
50,76434,25,10,120
